OUTPUT:
  RT: 0.003180
  RT_MEM_PRESSURE: 0.002797
  MEM: 0.000000
A2B:
  RT: 0.081218
  RT_MEM_PRESSURE: 0.071429
  MEM: 0.049436
b:
  RT: 3.024355
  RT_MEM_PRESSURE: 2.659839
  MEM: 13.932467
