b:
  RT: 2.681148
  RT_MEM_PRESSURE: 2.487758
  MEM: 13.922508
OUTPUT:
  RT: 0.004564
  RT_MEM_PRESSURE: 0.004235
  MEM: 0.000000
A2Y:
  RT: 0.072568
  RT_MEM_PRESSURE: 0.067334
  MEM: 0.049253
