d:
  RT: 0.116167
  RT_MEM_PRESSURE: 246.679329
  MEM: 0.000000
MUL:
  RT: 0.007654
  RT_MEM_PRESSURE: 16.253184
  MEM: 0.002890
b:
  RT: 2.238813
  RT_MEM_PRESSURE: 4754.094441
  MEM: 14.235503
