B2A:
  RT: 0.013725
  RT_MEM_PRESSURE: 2.373913
  MEM: 0.001911
b:
  RT: 1.326074
  RT_MEM_PRESSURE: 229.361343
  MEM: 11.990407
INPUT:
  RT: 0.002689
  RT_MEM_PRESSURE: 0.465097
  MEM: 0.004876
