B2Y:
  RT: 0.024915
  RT_MEM_PRESSURE: 57.830462
  MEM: 0.005554
b:
  RT: 2.144117
  RT_MEM_PRESSURE: 4976.731928
  MEM: 10.542854
OUTPUT:
  RT: 0.004370
  RT_MEM_PRESSURE: 10.143252
  MEM: 0.006623
INPUT:
  RT: 0.002380
  RT_MEM_PRESSURE: 5.524242
  MEM: 0.005714
