b:
  RT: 3.476738
  RT_MEM_PRESSURE: 323.371679
  MEM: 11.277005
INPUT:
  RT: 0.013870
  RT_MEM_PRESSURE: 1.290050
  MEM: 0.007567
Y2A:
  RT: 0.017947
  RT_MEM_PRESSURE: 1.669252
  MEM: 0.006666
