INPUT:
  RT: 0.013891
  RT_MEM_PRESSURE: 20.809765
  MEM: 0.006662
b:
  RT: 2.115241
  RT_MEM_PRESSURE: 3168.790391
  MEM: 10.687902
Y2B:
  RT: 0.005831
  RT_MEM_PRESSURE: 8.735277
  MEM: 0.000000
OUTPUT:
  RT: 0.003129
  RT_MEM_PRESSURE: 4.687478
  MEM: 0.007706
