A2B: 0.081284
b: 3.226501
