A2Y: 0.070866
b: 3.396982