INPUT: 0
OUTPUT: 0
ADD: 0
MUL: 0.006727
d: 0.079986
b: 1.91923