B2A: 0.013143
b: 1.490931
