B2Y: 0.026657
#b: 0
b: 2.358083
