Y2A: 0.019085
b: 3.571618
