Y2B: 0.005507
b: 0
b: 2.477435
