INPUT: 0.026061
AND: 0.021818
XOR: 0.007591
b: 2.766635
d: 0
#b: 0
